CONCURRENT VIEWERS
Month	Average	Gain	% Gain	Peak
02/2022	204K	-710	-0.3%	450K
01/2022	205K	+47,790	+30.4%	532K
12/2021	157K	-22,833	-12.7%	418K
11/2021	180K	-3,994	-2.2%	444K
10/2021	184K	-16,578	-8.3%	473K
09/2021	201K	+6,261	+3.2%	590K
08/2021	194K	+2,876	+1.5%	503K
07/2021	192K	-45,436	-19.2%	477K
06/2021	237K	-103,570	-30.4%	608K
05/2021	341K	+8,223	+2.5%	1.14M
04/2021	332K	+84,487	+34.1%	1.13M
03/2021	248K	+43,098	+21%	591K
02/2021	205K	+105,305	+106%	508K
01/2021	99.5K	+16,690	+20.2%	335K
12/2020	82.8K	+11,016	+15.4%	263K
11/2020	71.8K	-3,186	-4.3%	202K
10/2020	74.9K	-6,893	-8.4%	203K
09/2020	81.8K	-30,030	-26.8%	324K
08/2020	112K	-14,802	-11.7%	375K
07/2020	127K	-12,748	-9.1%	381K
06/2020	139K	+5,255	+3.9%	389K
05/2020	134K	+29,198	+27.8%	373K
04/2020	105K	+29,442	+39%	247K
03/2020	75.5K	+13,101	+21%	185K
02/2020	62.4K	+5,134	+9%	135K
01/2020	57.3K	+6,353	+12.5%	158K
12/2019	50.9K	+4,858	+10.5%	146K
11/2019	46.1K	-3,550	-7.2%	216K
10/2019	49.6K	-5,195	-9.5%	136K
09/2019	54.8K	-32,094	-36.9%	163K
08/2019	86.9K	+2,653	+3.1%	206K
07/2019	84.3K	+1,154	+1.4%	222K
06/2019	83.1K	-17,317	-17.2%	176K
05/2019	100K	-14,897	-12.9%	183K
04/2019	115K	+32,393	+39.1%	259K
03/2019	82.9K	+63,854	+335%	305K
02/2019	19.1K	+2,756	+16.9%	77.6K
01/2019	16.3K	+3,746	+29.8%	71.0K
12/2018	12.6K	-1,083	-7.9%	65.8K
11/2018	13.7K	-2,327	-14.6%	64.1K
10/2018	16.0K	-2,290	-12.5%	55.7K
09/2018	18.3K	-2,269	-11%	57.3K
08/2018	20.5K	-1,336	-6.1%	60.6K
07/2018	21.9K	+4,944	+29.2%	68.6K
06/2018	16.9K	+1,252	+8%	67.3K
05/2018	15.7K	+1,962	+14.3%	77.6K
04/2018	13.7K	-296	-2.1%	47.7K
03/2018	14.0K	-7,714	-35.5%	50.9K
02/2018	21.7K	+4,337	+24.9%	82.9K
01/2018	17.4K	+2,668	+18.1%	58.5K
12/2017	14.7K	+980	+7.1%	97.8K
11/2017	13.7K	+3,606	+35.6%	47.1K
10/2017	10.1K	-2,220	-18%	36.4K
09/2017	12.4K	-2,046	-14.2%	48.6K
08/2017	14.4K	-6,428	-30.9%	64.5K
07/2017	20.8K	+1,447	+7.5%	71.5K
06/2017	19.4K	-7,609	-28.2%	76.1K
05/2017	27.0K	+5,540	+25.8%	124K
04/2017	21.5K	+17,316	+418%	152K
03/2017	4.1K	+758	+22.4%	21.6K
02/2017	3.4K	-2,392	-41.4%	40.3K
01/2017	5.8K	+1,822	+46.1%	45.6K
12/2016	4.0K	-	-	31.6K
CONCURRENT STREAMS
Month	Average	Gain	% Gain	Peak
02/2022	3.1K	-47	-1.5%	6.1K
01/2022	3.2K	+563	+21.5%	6.6K
12/2021	2.6K	+177	+7.3%	5.7K
11/2021	2.4K	-2	-0.1%	5.0K
10/2021	2.4K	-189	-7.2%	4.9K
09/2021	2.6K	-425	-13.9%	5.1K
08/2021	3.1K	-98	-3.1%	5.6K
07/2021	3.1K	+184	+6.2%	6.2K
06/2021	3.0K	-408	-12.1%	5.9K
05/2021	3.4K	-111	-3.2%	7.0K
04/2021	3.5K	+454	+15%	7.0K
03/2021	3.0K	+48	+1.6%	6.4K
02/2021	3.0K	+252	+9.2%	6.0K
01/2021	2.7K	+303	+12.5%	5.6K
12/2020	2.4K	+538	+28.5%	6.6K
11/2020	1.9K	+242	+14.7%	4.2K
10/2020	1.6K	-58	-3.4%	3.6K
09/2020	1.7K	-331	-16.2%	3.2K
08/2020	2.0K	-136	-6.3%	3.5K
07/2020	2.2K	-160	-6.9%	3.8K
06/2020	2.3K	-491	-17.4%	4.5K
05/2020	2.8K	+810	+40.2%	5.8K
04/2020	2.0K	+594	+41.8%	4.2K
03/2020	1.4K	+101	+7.7%	3.3K
02/2020	1.3K	+61	+4.8%	2.7K
01/2020	1.3K	+247	+24.4%	2.5K
12/2019	1.0K	+223	+28.3%	2.2K
11/2019	788	-14	-1.7%	1.7K
10/2019	802	-92	-10.3%	1.8K
09/2019	894	-299	-25.1%	1.8K
08/2019	1.2K	-20	-1.6%	2.2K
07/2019	1.2K	+240	+24.7%	2.7K
06/2019	973	-20	-2%	1.7K
05/2019	993	-17	-1.7%	1.8K
04/2019	1.0K	+290	+40.3%	1.9K
03/2019	720	+190	+35.8%	1.6K
02/2019	530	-9	-1.7%	1.2K
01/2019	539	+93	+20.9%	1.2K
12/2018	446	+44	+10.9%	1.0K
11/2018	402	-10	-2.4%	876
10/2018	412	-47	-10.2%	892
09/2018	459	-160	-25.8%	928
08/2018	619	+10	+1.6%	1.2K
07/2018	609	+179	+41.6%	1.6K
06/2018	430	+17	+4.1%	868
05/2018	413	-2	-0.5%	879
04/2018	415	-13	-3%	824
03/2018	428	-36	-7.8%	921
02/2018	464	-52	-10.1%	939
01/2018	516	+13	+2.6%	1.0K
12/2017	503	+165	+48.8%	1.2K
11/2017	338	+8	+2.4%	673
10/2017	330	-54	-14.1%	707
09/2017	384	-74	-16.2%	833
08/2017	458	-65	-12.4%	915
07/2017	523	-7	-1.3%	907
06/2017	530	+119	+29%	1.3K
05/2017	411	+28	+7.3%	794
04/2017	383	+23	+6.4%	831
03/2017	360	-47	-11.5%	827
02/2017	407	-112	-21.6%	914
01/2017	519	+30	+6.1%	1.1K
12/2016	489	-	-	1.1K
HOURS WATCHED
Month	Value	Gain	% Gain
02/2022	34.3M	-118M	-77.5%
01/2022	152M	+35.4M	+30.3%
12/2021	117M	-12.7M	-9.8%
11/2021	130M	-7.29M	-5.3%
10/2021	137M	-7.52M	-5.2%
09/2021	145M	-132K	-0.1%
08/2021	145M	+2.11M	+1.5%
07/2021	143M	-27.9M	-16.4%
06/2021	170M	-83.0M	-32.7%
05/2021	253M	+14.1M	+5.9%
04/2021	239M	+54.9M	+29.8%
03/2021	184M	+46.9M	+34.1%
02/2021	137M	+63.6M	+86.1%
01/2021	73.9M	+12.4M	+20.2%
12/2020	61.5M	+9.87M	+19.1%
11/2020	51.6M	-4.13M	-7.4%
10/2020	55.7M	-3.12M	-5.3%
09/2020	58.9M	-24.3M	-29.2%
08/2020	83.1M	-11.0M	-11.7%
07/2020	94.1M	-5.99M	-6%
06/2020	100M	+619K	+0.6%
05/2020	99.5M	+24.3M	+32.4%
04/2020	75.1M	+19.0M	+33.9%
03/2020	56.1M	+12.7M	+29.3%
02/2020	43.4M	+740K	+1.7%
01/2020	42.6M	+4.80M	+12.7%
12/2019	37.8M	+5.75M	+17.9%
11/2019	32.1M	-3.41M	-9.6%
10/2019	35.5M	-3.99M	-10.1%
09/2019	39.5M	-25.2M	-39%
08/2019	64.7M	+2.00M	+3.2%
07/2019	62.7M	+2.82M	+4.7%
06/2019	59.8M	-14.8M	-19.9%
05/2019	74.7M	-8.35M	-10.1%
04/2019	83.0M	+21.4M	+34.7%
03/2019	61.6M	+48.8M	+381%
02/2019	12.8M	+676K	+5.6%
01/2019	12.1M	+2.79M	+29.8%
12/2018	9.36M	-478K	-4.9%
11/2018	9.83M	-2.03M	-17.1%
10/2018	11.9M	-1.28M	-9.8%
09/2018	13.1M	-2.12M	-13.9%
08/2018	15.3M	-791K	-4.9%
07/2018	16.1M	+3.87M	+31.7%
06/2018	12.2M	+528K	+4.5%
05/2018	11.7M	+1.81M	+18.4%
04/2018	9.85M	-577K	-5.5%
03/2018	10.4M	-4.15M	-28.4%
02/2018	14.6M	+1.64M	+12.6%
01/2018	12.9M	+1.98M	+18.1%
12/2017	11.0M	+1.07M	+10.8%
11/2017	9.88M	+2.34M	+31%
10/2017	7.54M	-1.35M	-15.2%
09/2017	8.90M	-1.81M	-16.9%
08/2017	10.7M	-4.79M	-30.9%
07/2017	15.5M	+1.54M	+11.1%
06/2017	13.9M	-5.65M	-28.8%
05/2017	19.6M	+4.24M	+27.6%
04/2017	15.4M	+12.3M	+399%
03/2017	3.08M	+807K	+35.5%
02/2017	2.27M	-2.00M	-46.9%
01/2017	4.28M	+1.35M	+46%
12/2016	2.93M	-	-
