CONCURRENT VIEWERS
Month	Average	Gain	% Gain	Peak
02/2022	318	-43	-11.9%	3.2K
01/2022	361	+14	+4%	3.6K
12/2021	347	+14	+4.2%	3.4K
11/2021	333	-9	-2.6%	3.3K
10/2021	342	-99	-22.4%	3.2K
09/2021	441	-15	-3.3%	13.6K
08/2021	456	+9	+2%	9.2K
07/2021	447	-26	-5.5%	17.5K
06/2021	473	-25	-5%	27.9K
05/2021	498	-231	-31.7%	5.0K
04/2021	729	-286	-28.2%	12.4K
03/2021	1.0K	+514	+103%	6.8K
02/2021	501	-19	-3.7%	4.1K
01/2021	520	-2	-0.4%	4.3K
12/2020	522	+18	+3.6%	17.3K
11/2020	504	+10	+2%	6.2K
10/2020	494	+4	+0.8%	4.7K
09/2020	490	-4	-0.8%	10.3K
08/2020	494	+24	+5.1%	13.6K
07/2020	470	+11	+2.4%	22.5K
06/2020	459	+39	+9.3%	4.9K
05/2020	420	-79	-15.8%	2.2K
04/2020	499	+252	+102%	65.0K
03/2020	247	+35	+16.5%	3.0K
02/2020	212	-31	-12.8%	952
01/2020	243	+21	+9.5%	6.9K
12/2019	222	-3	-1.3%	15.7K
11/2019	225	-85	-27.4%	3.3K
10/2019	310	+104	+50.5%	5.3K
09/2019	206	-80	-28%	4.1K
08/2019	286	-13	-4.3%	3.7K
07/2019	299	+1	+0.3%	21.1K
06/2019	298	+90	+43.3%	17.1K
05/2019	208	-61	-22.7%	1.3K
04/2019	269	+18	+7.2%	1.4K
03/2019	251	+15	+6.4%	1.7K
02/2019	236	-126	-34.8%	1.6K
01/2019	362	-46	-11.3%	50.0K
12/2018	408	-72	-15%	50.7K
11/2018	480	+140	+41.2%	80.0K
10/2018	340	+45	+15.3%	6.0K
09/2018	295	-144	-32.8%	1.4K
08/2018	439	+118	+36.8%	13.3K
07/2018	321	+71	+28.4%	6.5K
06/2018	250	-30	-10.7%	6.3K
05/2018	280	-77	-21.6%	6.3K
04/2018	357	-43	-10.8%	4.9K
03/2018	400	+38	+10.5%	12.7K
02/2018	362	+108	+42.5%	7.1K
01/2018	254	-8	-3.1%	3.9K
12/2017	262	-30	-10.3%	3.8K
11/2017	292	-129	-30.6%	2.8K
10/2017	421	+135	+47.2%	8.9K
09/2017	286	-6	-2.1%	7.4K
08/2017	292	+13	+4.7%	3.1K
07/2017	279	+31	+12.5%	2.4K
06/2017	248	+22	+9.7%	1.4K
05/2017	226	-22	-8.9%	1.1K
04/2017	248	+1	+0.4%	1.2K
03/2017	247	-53	-17.7%	3.2K
02/2017	300	-36	-10.7%	14.8K
01/2017	336	+68	+25.4%	3.6K
12/2016	268	-	-	6.6K
CONCURRENT STREAMS
Month	Average	Gain	% Gain	Peak
02/2022	42	-1	-2.3%	125
01/2022	43	+5	+13.2%	113
12/2021	38	-1	-2.6%	93
11/2021	39	-9	-18.8%	117
10/2021	48	+4	+9.1%	150
09/2021	44	-5	-10.2%	126
08/2021	49	-	-	111
07/2021	49	+2	+4.3%	128
06/2021	47	-2	-4.1%	145
05/2021	49	-6	-10.9%	136
04/2021	55	-11	-16.7%	121
03/2021	66	+1	+1.5%	179
02/2021	65	-1	-1.5%	161
01/2021	66	+6	+10%	167
12/2020	60	+2	+3.4%	139
11/2020	58	-8	-12.1%	143
10/2020	66	+3	+4.8%	190
09/2020	63	+1	+1.6%	155
08/2020	62	+5	+8.8%	133
07/2020	57	+3	+5.6%	156
06/2020	54	-5	-8.5%	138
05/2020	59	+7	+13.5%	127
04/2020	52	+14	+36.8%	116
03/2020	38	+3	+8.6%	103
02/2020	35	-	-	100
01/2020	35	+6	+20.7%	88
12/2019	29	-3	-9.4%	70
11/2019	32	-3	-8.6%	89
10/2019	35	+3	+9.4%	88
09/2019	32	-5	-13.5%	77
08/2019	37	+1	+2.8%	77
07/2019	36	+3	+9.1%	88
06/2019	33	+2	+6.5%	80
05/2019	31	-4	-11.4%	76
04/2019	35	+2	+6.1%	86
03/2019	33	-	-	79
02/2019	33	-3	-8.3%	81
01/2019	36	+6	+20%	91
12/2018	30	-1	-3.2%	73
11/2018	31	-2	-6.1%	71
10/2018	33	-1	-2.9%	97
09/2018	34	-2	-5.6%	88
08/2018	36	-	-	80
07/2018	36	+3	+9.1%	81
06/2018	33	+1	+3.1%	75
05/2018	32	-1	-3%	71
04/2018	33	+2	+6.5%	80
03/2018	31	+1	+3.3%	78
02/2018	30	+1	+3.4%	70
01/2018	29	+4	+16%	79
12/2017	25	-2	-7.4%	62
11/2017	27	-4	-12.9%	74
10/2017	31	+7	+29.2%	145
09/2017	24	-2	-7.7%	58
08/2017	26	-1	-3.7%	59
07/2017	27	+2	+8%	63
06/2017	25	+1	+4.2%	64
05/2017	24	-	-	56
04/2017	24	+2	+9.1%	62
03/2017	22	-4	-15.4%	58
02/2017	26	+2	+8.3%	69
01/2017	24	+3	+14.3%	55
12/2016	21	-	-	56
HOURS WATCHED
Month	Value	Gain	% Gain
02/2022	53.2K	-213K	-80%
01/2022	267K	+10.1K	+3.9%
12/2021	256K	+18.7K	+7.9%
11/2021	238K	-14.2K	-5.6%
10/2021	252K	-63.5K	-20.1%
09/2021	316K	-20.9K	-6.2%
08/2021	336K	+5.6K	+1.7%
07/2021	331K	-7.4K	-2.2%
06/2021	338K	-29.6K	-8.1%
05/2021	368K	-154K	-29.5%
04/2021	522K	-230K	-30.6%
03/2021	752K	+417K	+125%
02/2021	334K	-50.4K	-13.1%
01/2021	385K	+1.0K	+0.3%
12/2020	384K	+24.0K	+6.7%
11/2020	360K	-5.6K	-1.5%
10/2020	365K	+14.6K	+4.2%
09/2020	351K	-15.4K	-4.2%
08/2020	366K	+17.9K	+5.2%
07/2020	348K	+21.2K	+6.5%
06/2020	327K	+18.8K	+6.1%
05/2020	308K	-41.1K	-11.8%
04/2020	349K	+167K	+92.1%
03/2020	182K	+35.8K	+24.6%
02/2020	146K	-33.8K	-18.8%
01/2020	180K	+16.1K	+9.8%
12/2019	164K	+9.0K	+5.9%
11/2019	155K	-63.8K	-29.2%
10/2019	218K	+70.5K	+47.6%
09/2019	148K	-63.8K	-30.1%
08/2019	212K	-9.7K	-4.4%
07/2019	221K	+9.1K	+4.3%
06/2019	212K	+57.9K	+37.5%
05/2019	154K	-39.2K	-20.2%
04/2019	194K	+8.3K	+4.5%
03/2019	185K	+29.2K	+18.7%
02/2019	156K	-111K	-41.5%
01/2019	267K	-33.6K	-11.2%
12/2018	301K	-44.6K	-12.9%
11/2018	345K	+93.3K	+37%
10/2018	252K	+39.8K	+18.8%
09/2018	212K	-112K	-34.5%
08/2018	324K	+89.6K	+38.2%
07/2018	234K	+54.7K	+30.4%
06/2018	180K	-27.9K	-13.4%
05/2018	208K	-47.1K	-18.5%
04/2018	255K	-38.9K	-13.3%
03/2018	294K	+53.5K	+22.3%
02/2018	240K	+53.2K	+28.5%
01/2018	187K	-4.8K	-2.5%
12/2017	192K	-15.7K	-7.6%
11/2017	207K	-102K	-33%
10/2017	309K	+106K	+52.4%
09/2017	203K	-9.6K	-4.5%
08/2017	213K	+7.8K	+3.8%
07/2017	205K	+28.5K	+16.2%
06/2017	176K	+11.9K	+7.2%
05/2017	164K	-11.5K	-6.5%
04/2017	176K	-6.8K	-3.7%
03/2017	183K	-14.5K	-7.3%
02/2017	197K	-47.3K	-19.3%
01/2017	245K	+49.5K	+25.4%
12/2016	195K	-	-